-6.255453365398914
-4.260134814132838
-10.95593373119133
-6.412638948921326
-7.400585669701917
-5.599347456519317
-5.282610464019838
-7.429573206575169
-4.235713576056035
-7.372414792735221
-4.174876105255151
-5.350131664895333
-7.043910725763184
-8.47102708140333
-6.599224904501738
-8.390984373729793
-6.340813214350071
-7.697837193169848
-6.65186863798716
-6.549214483927077
-4.719564140987625
-6.797050647831658
-5.061530896926479
-8.758709153855111
-9.010023582136016
-2.260092388347447
-6.501586434937822
-7.372414792735221
-7.318347571464944
-6.721827226594071
-7.043910725763184
-6.202343540084965
-7.292372085061683
-4.882889197090925
-4.562342977240698
-7.8648912778330144
-4.457651581714896
-6.111746644732739
-7.292372085061683
-5.209730540651177
-5.8201352941410684
-8.653348638197285
-5.768547925350576
-9.010023582136016
-4.024461925591877
-10.95593373119133
-6.160143185594589
-9.164174261963275
-6.014291308582026
-6.255453365398914
-6.292494637079263
-5.391413323868637
-6.478596916713124
-7.267054277077394
-7.318347571464944
-6.797050647831658
-6.255453365398914
-5.450602195258967
-8.247883530089121
-5.310486833548093
-8.558038458392959
-6.311542832049957
-9.34649581875723
-5.126988113581123
-9.010023582136016
-6.966949684627056
-9.34649581875723
-6.22854591247899
-7.064113433080704
-8.122720387135114
-5.466996005034644
-7.345015818547106
-9.569639370071439
-8.31687640157607
-6.878396287285611
-7.242361664487023
-6.537093123394732
-9.164174261963275
-6.035952805363205
-5.735577906113005
-6.948600545958859
-9.164174261963275
-6.246403529878996
-9.164174261963275
-5.438480834726622
-6.501586434937822
-5.350131664895333
-10.262786550631384
-7.4901978283916035
-9.010023582136016
-10.95593373119133
-7.521946526706184
-6.0807364079901784
-6.707438489141971
-8.876492189511493
-6.007173840813162
-9.010023582136016
-5.242200925681961
-4.188590605925938
-6.7662789891649044
-5.81427017468867
-5.32114412802208
-6.65186863798716
-8.390984373729793
-5.517854422268135
-8.558038458392959
-9.85732144252322
-3.7031713131381427
-8.183345008951548
-6.127619993889029
-7.318347571464944
-6.6252003909049995
-7.521946526706184
-9.164174261963275
-6.219735282796835
-10.95593373119133
-9.85732144252322
-6.22854591247899
-9.164174261963275
-6.612128309337646
-7.777879900843384
-7.82043951526218
-10.95593373119133
-9.34649581875723
-7.084732720283439
-7.267054277077394
-5.906077723941793
-9.164174261963275
-10.95593373119133
-8.558038458392959
-6.007173840813162
-7.623729221016126
-8.876492189511493
-7.372414792735221
-6.985641817639208
-9.010023582136016
-10.95593373119133
-5.252151256535129
-6.46729736145919
-5.513516020669536
-10.95593373119133
-7.400585669701917
-6.665474290042939
-6.828799346146239
-10.95593373119133
-7.588637901204856
-7.660096865187001
-9.164174261963275
-9.010023582136016
-8.758709153855111
-10.262786550631384
-9.164174261963275
-7.318347571464944
-8.758709153855111
-6.599224904501738
-7.429573206575169
-8.653348638197285
-7.623729221016126
-10.95593373119133
-7.345015818547106
-7.372414792735221
-8.122720387135114
-6.736426026015224
-6.321204742961695
-10.95593373119133
-6.6252003909049995
-10.95593373119133
-8.758709153855111
-6.007173840813162
-8.390984373729793
-5.802642136693551
-10.95593373119133
-8.065561973295166
-5.0810030003393
-7.777879900843384
-8.247883530089121
-10.262786550631384
-9.164174261963275
-8.31687640157607
-7.127292334702235
-9.85732144252322
-8.47102708140333
-7.372414792735221
-7.7370579063231295
-7.7370579063231295
-7.292372085061683
-10.95593373119133
-9.34649581875723
-8.390984373729793
-10.262786550631384
-8.01149475202489
-10.262786550631384
-9.010023582136016
-6.693253854150015
-10.95593373119133
-7.7370579063231295
-10.95593373119133
-10.95593373119133
-8.558038458392959
-9.164174261963275
-10.95593373119133
-7.588637901204856
-6.151912686458074
-6.812799004799797
-4.439740655148366
-7.960201457637339
-7.777879900843384
-7.554736349529175
-9.34649581875723
-6.283104896729424
-6.151912686458074
-9.569639370071439
-7.194733615497768
-7.960201457637339
-7.127292334702235
-7.7370579063231295
-10.95593373119133
-7.82043951526218
-6.751241111800364
-9.164174261963275
-8.31687640157607
-9.34649581875723
-8.758709153855111
-6.751241111800364
-7.960201457637339
-6.693253854150015
-5.535398731919044
-9.34649581875723
-8.01149475202489
-6.736426026015224
-10.95593373119133
-8.47102708140333
-8.558038458392959
-10.95593373119133
-9.85732144252322
-9.569639370071439
-9.34649581875723
-10.262786550631384
-7.660096865187001
-7.127292334702235
-10.95593373119133
-7.267054277077394
-10.95593373119133
-8.122720387135114
-7.292372085061683
-8.558038458392959
-8.876492189511493
-7.400585669701917
-10.95593373119133
-7.8648912778330144
-8.390984373729793
-7.292372085061683
-7.911411293467907
-6.340813214350071
-6.340813214350071
-6.966949684627056
-10.262786550631384
-5.98612043161533
-8.31687640157607
-7.554736349529175
-9.569639370071439
-5.76297688030112
-7.4901978283916035
-8.247883530089121
-6.8954907206449105
-5.604075597715264
-8.758709153855111
-9.34649581875723
-7.960201457637339
-7.14927124142101
-8.31687640157607
-9.569639370071439
-9.85732144252322
-8.758709153855111
-8.558038458392959
-6.219735282796835
-7.588637901204856
-8.01149475202489
-10.262786550631384
-9.85732144252322
-10.95593373119133
-8.065561973295166
-7.429573206575169
-10.95593373119133
-10.95593373119133
-8.558038458392959
-8.183345008951548
-6.185249106725665
-6.930582040456181
-10.95593373119133
-9.164174261963275
-6.44507422467448
-7.105786129481271
-7.7370579063231295
-8.47102708140333
-10.95593373119133
-9.85732144252322
-9.010023582136016
-9.85732144252322
-6.966949684627056
-10.262786550631384
-6.751241111800364
-8.390984373729793
-9.34649581875723
-5.475294807849338
-8.183345008951548
-8.183345008951548
-7.45942616972485
-7.4901978283916035
-8.876492189511493
-9.569639370071439
-7.345015818547106
-5.212930543381848
-8.876492189511493
-8.758709153855111
-6.845059867018019
-6.513282474701014
-9.010023582136016
-7.084732720283439
-5.55325634931905
-8.183345008951548
-10.95593373119133
-9.164174261963275
-5.548761959731212
-7.45942616972485
-5.98612043161533
-7.554736349529175
-8.876492189511493
-7.521946526706184
-7.7370579063231295
-9.34649581875723
-10.95593373119133
-8.390984373729793
-8.31687640157607
-9.34649581875723
-10.95593373119133
-7.911411293467907
-9.569639370071439
-6.573907096517448
-10.262786550631384
-10.95593373119133
-6.549214483927077
-7.4901978283916035
-9.010023582136016
-10.95593373119133
-8.758709153855111
-7.267054277077394
-10.95593373119133
-10.262786550631384
-8.758709153855111
-9.85732144252322
-10.95593373119133
-7.14927124142101
-8.876492189511493
-8.758709153855111
-10.262786550631384
-9.010023582136016
-7.127292334702235
-7.911411293467907
-10.95593373119133
-6.612128309337646
-8.653348638197285
-9.85732144252322
-10.262786550631384
-7.084732720283439
-10.95593373119133
-10.95593373119133
-8.558038458392959
-7.82043951526218
-7.127292334702235
-9.569639370071439
-10.95593373119133
-10.262786550631384
-7.697837193169848
-10.95593373119133
-8.47102708140333
-10.262786550631384
-9.569639370071439
-7.623729221016126
-10.95593373119133
-5.887029528971099
-8.390984373729793
-8.876492189511493
-6.370966252520758
-9.010023582136016
-10.95593373119133
-10.95593373119133
-9.34649581875723
-6.478596916713124
-7.171744097273069
-6.478596916713124
-8.390984373729793
-8.876492189511493
-9.85732144252322
-6.549214483927077
-8.876492189511493
-10.262786550631384
-7.82043951526218
-9.569639370071439
-6.736426026015224
-9.010023582136016
-9.569639370071439
-10.95593373119133
-10.262786550631384
-9.85732144252322
-7.660096865187001
-7.064113433080704
-10.95593373119133
-8.390984373729793
-9.85732144252322
-6.46729736145919
-10.262786550631384
-8.122720387135114
-8.47102708140333
-9.569639370071439
-9.569639370071439
-9.569639370071439
-8.390984373729793
-9.010023582136016
-8.758709153855111
-8.31687640157607
-10.95593373119133
-10.95593373119133
-8.758709153855111
-5.98612043161533
-7.911411293467907
-7.82043951526218
-7.8648912778330144
-8.247883530089121
-8.758709153855111
-8.558038458392959
-9.34649581875723
-7.292372085061683
-8.758709153855111
-7.45942616972485
-7.960201457637339
-8.758709153855111
-8.183345008951548
-10.95593373119133
-5.159875980425958
-8.876492189511493
-10.95593373119133
-10.95593373119133
-9.85732144252322
-5.81427017468867
-9.569639370071439
-9.569639370071439
-10.95593373119133
-10.262786550631384
-8.247883530089121
-7.521946526706184
-9.010023582136016
-7.960201457637339
-8.47102708140333
-9.85732144252322
-6.283104896729424
-5.887029528971099
-10.95593373119133
-8.247883530089121
-9.010023582136016
-8.183345008951548
-5.887029528971099
-6.412638948921326
-7.588637901204856
-6.573907096517448
-7.267054277077394
-8.653348638197285
-8.31687640157607
-7.697837193169848
-8.558038458392959
-9.85732144252322
-9.85732144252322
-9.164174261963275
-9.569639370071439
-7.218264112907962
-8.758709153855111
-9.85732144252322
-8.31687640157607
-8.247883530089121
-10.95593373119133
-7.45942616972485
-8.065561973295166
-7.660096865187001
-10.95593373119133
-7.8648912778330144
-9.85732144252322
-7.194733615497768
-7.084732720283439
-9.34649581875723
-7.777879900843384
-9.34649581875723
-8.183345008951548
-10.95593373119133
-10.95593373119133
-6.246403529878996
-9.010023582136016
-8.122720387135114
-9.569639370071439
-5.791147757267816
-9.85732144252322
-8.122720387135114
-8.758709153855111
-8.47102708140333
-9.010023582136016
-9.569639370071439
-9.85732144252322
-10.95593373119133
-9.85732144252322
-10.262786550631384
-10.95593373119133
-10.95593373119133
-10.95593373119133
-7.292372085061683
-7.660096865187001
-6.513282474701014
-9.569639370071439
-8.183345008951548
-10.95593373119133
-6.8954907206449105
-10.95593373119133
-5.034355311547515
-9.34649581875723
-10.262786550631384
-10.262786550631384
-7.45942616972485
-9.85732144252322
-9.010023582136016
-10.262786550631384
-10.95593373119133
-10.262786550631384
-10.95593373119133
-7.242361664487023
-9.010023582136016
-7.318347571464944
-9.010023582136016
-9.34649581875723
-7.623729221016126
-10.95593373119133
-9.010023582136016
-10.95593373119133
-10.262786550631384
-9.85732144252322
-10.95593373119133
-9.85732144252322
-10.262786550631384
-8.876492189511493
-7.242361664487023
-8.31687640157607
-7.318347571464944
-7.911411293467907
-7.064113433080704
-10.95593373119133
-8.01149475202489
-10.95593373119133
-7.588637901204856
-10.262786550631384
-8.183345008951548
-8.065561973295166
-9.85732144252322
-8.876492189511493
-8.558038458392959
-9.010023582136016
-8.876492189511493
-7.911411293467907
-9.164174261963275
-10.95593373119133
-7.0046900126099025
-6.46729736145919
-7.7370579063231295
-8.247883530089121
-8.758709153855111
-10.95593373119133
-7.171744097273069
-9.85732144252322
-8.31687640157607
-8.122720387135114
-8.653348638197285
-8.390984373729793
-8.31687640157607
-10.95593373119133
-8.758709153855111
-7.218264112907962
-10.95593373119133
-10.262786550631384
-8.31687640157607
-9.85732144252322
-8.31687640157607
-9.164174261963275
-10.95593373119133
-10.95593373119133
-7.372414792735221
-7.660096865187001
-7.043910725763184
-8.065561973295166
-9.569639370071439
-7.024108098467004
-6.501586434937822
-8.390984373729793
-10.95593373119133
-10.262786550631384
-8.876492189511493
-10.95593373119133
-9.164174261963275
-10.95593373119133
-10.95593373119133
-9.569639370071439
-7.521946526706184
-10.95593373119133
-10.262786550631384
-7.45942616972485
-8.758709153855111
-10.95593373119133
-9.010023582136016
-10.95593373119133
-10.95593373119133
-7.960201457637339
-8.122720387135114
-9.010023582136016
-10.95593373119133
-10.95593373119133
-9.85732144252322
-10.262786550631384
-10.95593373119133
-8.876492189511493
-8.758709153855111
-9.34649581875723
-5.548761959731212
-8.876492189511493
-7.400585669701917
-10.262786550631384
-10.95593373119133
-8.558038458392959
-6.340813214350071
-8.558038458392959
-9.164174261963275
-8.653348638197285
-10.95593373119133
-10.95593373119133
-10.262786550631384
-7.7370579063231295
-9.569639370071439
-9.34649581875723
-9.34649581875723
-10.95593373119133
-8.01149475202489
-7.911411293467907
-9.85732144252322
-10.262786550631384
-8.653348638197285
-7.911411293467907
-9.010023582136016
-9.569639370071439
-7.8648912778330144
-9.010023582136016
-5.4794701792598195
-8.247883530089121
-7.7370579063231295
-10.95593373119133
-10.95593373119133
-8.876492189511493
-8.758709153855111
-8.558038458392959
-8.558038458392959
-9.569639370071439
-9.569639370071439
-8.47102708140333
-8.758709153855111
-8.122720387135114
-7.7370579063231295
-9.34649581875723
-9.569639370071439
-10.95593373119133
-9.569639370071439
-8.653348638197285
-8.247883530089121
-9.34649581875723
-8.876492189511493
-10.95593373119133
-9.569639370071439
-8.758709153855111
-10.95593373119133
-9.34649581875723
-7.960201457637339
-9.010023582136016
-9.85732144252322
-7.697837193169848
-8.653348638197285
-5.951987425245871
-10.95593373119133
-6.828799346146239
-8.653348638197285
-10.262786550631384
-8.653348638197285
-10.95593373119133
-10.95593373119133
-10.95593373119133
-10.95593373119133
-10.262786550631384
-7.292372085061683
-7.960201457637339
-9.569639370071439
-10.262786550631384
-9.164174261963275
-10.95593373119133
-9.34649581875723
-8.876492189511493
-7.697837193169848
-10.95593373119133
-9.010023582136016
-9.164174261963275
-9.164174261963275
-10.262786550631384
-6.6252003909049995
-10.95593373119133
-7.7370579063231295
-8.876492189511493
-9.34649581875723
-7.588637901204856
-8.653348638197285
-8.876492189511493
-7.697837193169848
-10.95593373119133
-8.390984373729793
-5.585295703063667
-10.262786550631384
-8.31687640157607
-7.8648912778330144
-9.164174261963275
-10.262786550631384
-9.569639370071439
-9.569639370071439
-7.043910725763184
-8.122720387135114
-10.95593373119133
-10.95593373119133
-7.660096865187001
-9.164174261963275
-8.558038458392959
-8.876492189511493
-7.7370579063231295
-8.122720387135114
-7.623729221016126
-8.183345008951548
-9.85732144252322
-7.242361664487023
-6.679267612175275
-10.95593373119133
-7.960201457637339
-10.95593373119133
-7.318347571464944
-9.85732144252322
-7.697837193169848
-9.569639370071439
-9.569639370071439
-6.828799346146239
-10.95593373119133
-10.262786550631384
-10.262786550631384
-8.653348638197285
-10.95593373119133
-8.758709153855111
-9.569639370071439
-10.262786550631384
-10.95593373119133
-9.164174261963275
-10.95593373119133
-10.95593373119133
-8.558038458392959
-9.569639370071439
-9.34649581875723
-10.95593373119133
-9.34649581875723
-9.569639370071439
-9.010023582136016
-10.262786550631384
-8.247883530089121
-10.95593373119133
-7.554736349529175
-9.34649581875723
-10.95593373119133
-8.247883530089121
-7.105786129481271
-7.660096865187001
-8.653348638197285
-7.82043951526218
-8.876492189511493
-7.521946526706184
-10.95593373119133
-7.521946526706184
-3.5075998702938547
-9.85732144252322
-9.85732144252322
-8.558038458392959
-10.262786550631384
-8.065561973295166
-7.82043951526218
-10.262786550631384
-10.95593373119133
-7.45942616972485
-9.85732144252322
-6.721827226594071
-10.95593373119133
-9.85732144252322
-10.95593373119133
-10.95593373119133
-10.95593373119133
-10.95593373119133
-6.966949684627056
-8.390984373729793
-9.010023582136016
-9.569639370071439
-8.31687640157607
-8.01149475202489
-10.262786550631384
-10.262786550631384
-10.95593373119133
-9.569639370071439
-6.36081388105674
-10.262786550631384
-9.569639370071439
-10.95593373119133
-9.85732144252322
-9.34649581875723
-10.95593373119133
-7.194733615497768
-10.95593373119133
-9.34649581875723
-10.95593373119133
-8.758709153855111
-10.95593373119133
-9.569639370071439
-9.85732144252322
-9.569639370071439
-10.95593373119133
-9.569639370071439
-10.95593373119133
-9.010023582136016
-8.876492189511493
-5.880759915957503
-7.345015818547106
-10.95593373119133
-7.14927124142101
-7.960201457637339
-10.95593373119133
-8.31687640157607
-7.127292334702235
-8.758709153855111
-10.95593373119133
-8.653348638197285
-8.183345008951548
-10.95593373119133
-9.164174261963275
-9.85732144252322
-9.85732144252322
-10.95593373119133
-10.95593373119133
-10.262786550631384
-10.262786550631384
-9.34649581875723
-10.95593373119133
-10.95593373119133
-8.758709153855111
-8.653348638197285
-9.569639370071439
-10.262786550631384
-10.95593373119133
-10.262786550631384
-10.95593373119133
-10.95593373119133
-9.010023582136016
-7.960201457637339
-10.262786550631384
-9.010023582136016
-9.569639370071439
-8.47102708140333
-9.164174261963275
-8.390984373729793
-9.569639370071439
-10.95593373119133
-8.653348638197285
-7.777879900843384
-9.34649581875723
-9.010023582136016
-10.95593373119133
-6.44507422467448
-9.010023582136016
-10.95593373119133
-8.065561973295166
-10.95593373119133
-10.95593373119133
-9.164174261963275
-10.262786550631384
-7.0046900126099025
-8.653348638197285
-10.262786550631384
-10.95593373119133
-8.876492189511493
-6.65186863798716
-10.95593373119133
-9.164174261963275
-8.758709153855111
-8.876492189511493
-10.95593373119133
-9.85732144252322
-8.758709153855111
-10.95593373119133
-9.85732144252322
-9.85732144252322
-9.164174261963275
-7.521946526706184
-10.262786550631384
-9.85732144252322
-10.95593373119133
-10.262786550631384
-9.569639370071439
-8.558038458392959
-7.554736349529175
-7.554736349529175
-8.47102708140333
-9.34649581875723
-10.262786550631384
-7.660096865187001
-10.95593373119133
-8.47102708140333
-7.623729221016126
-9.85732144252322
-9.85732144252322
-9.85732144252322
-9.85732144252322
-10.262786550631384
-8.390984373729793
-7.588637901204856
-9.164174261963275
-9.34649581875723
-8.122720387135114
-5.471136797700675
-8.653348638197285
-10.262786550631384
-8.122720387135114
-9.34649581875723
-9.34649581875723
-9.85732144252322
-10.262786550631384
-6.948600545958859
-10.95593373119133
-10.95593373119133
-8.876492189511493
-8.876492189511493
-8.876492189511493
-8.653348638197285
-10.95593373119133
-8.876492189511493
-9.569639370071439
-10.95593373119133
-7.960201457637339
-8.558038458392959
-9.569639370071439
-10.95593373119133
-10.95593373119133
-6.91288246335678
-10.95593373119133
-10.95593373119133
-10.95593373119133
-10.95593373119133
-9.569639370071439
-8.558038458392959
-7.267054277077394
-9.164174261963275
-8.47102708140333
-10.95593373119133
-10.262786550631384
-5.058779863554589
-7.660096865187001
-10.262786550631384
-9.010023582136016
-9.164174261963275
-10.95593373119133
-9.85732144252322
-9.164174261963275
-8.876492189511493
-9.164174261963275
-7.697837193169848
-8.653348638197285
-3.4726893151174805
-7.45942616972485
-9.164174261963275
-10.262786550631384
-10.95593373119133
-8.653348638197285
-8.183345008951548
-8.758709153855111
-9.85732144252322
-10.262786550631384
-8.876492189511493
-9.164174261963275
-7.7370579063231295
-3.0634816876709774
-10.262786550631384
-10.262786550631384
-10.95593373119133
-10.262786550631384
-10.95593373119133
-8.758709153855111
-9.164174261963275
-9.85732144252322
-9.164174261963275
-10.95593373119133
-10.95593373119133
-6.930582040456181
-8.47102708140333
-9.010023582136016
-10.95593373119133
-10.95593373119133
-10.95593373119133
-9.010023582136016
-9.569639370071439
-9.569639370071439
-9.85732144252322
-9.164174261963275
-9.85732144252322
-10.95593373119133
-8.876492189511493
-7.660096865187001
-10.262786550631384
-10.95593373119133
-7.697837193169848
-10.262786550631384
-9.010023582136016
-9.85732144252322
-9.010023582136016
-10.262786550631384
-7.318347571464944
-10.95593373119133
-9.164174261963275
-10.95593373119133
-10.262786550631384
-10.262786550631384
-9.34649581875723
-10.262786550631384
-10.95593373119133
-8.653348638197285
-8.183345008951548
-9.164174261963275
-8.47102708140333
-7.4901978283916035
-10.95593373119133
-10.95593373119133
-10.95593373119133
-10.95593373119133
-10.95593373119133
-10.262786550631384
-10.95593373119133
-10.95593373119133
-9.34649581875723
-10.95593373119133
-9.569639370071439
-7.14927124142101
-8.247883530089121
-9.569639370071439
-10.95593373119133
-9.164174261963275
-10.95593373119133
-9.569639370071439
-9.34649581875723
-8.558038458392959
-9.569639370071439
-7.064113433080704
-10.95593373119133
-9.164174261963275
-9.34649581875723
-10.262786550631384
-10.262786550631384
-9.34649581875723
-9.85732144252322
-7.4901978283916035
-8.558038458392959
-8.122720387135114
-10.262786550631384
-10.95593373119133
-10.95593373119133
-10.95593373119133
-10.262786550631384
-10.262786550631384
-10.262786550631384
-9.85732144252322
-8.390984373729793
-8.876492189511493
-10.95593373119133
-6.007173840813162
-7.7370579063231295
-9.164174261963275
-8.47102708140333
-10.262786550631384
-9.85732144252322
-8.31687640157607
-10.262786550631384
-10.95593373119133
-10.95593373119133
-10.95593373119133
-10.95593373119133
-8.876492189511493
-8.653348638197285
-10.95593373119133
-9.85732144252322
-8.558038458392959
-10.95593373119133
-7.084732720283439
-8.122720387135114
-9.569639370071439
-10.95593373119133
-10.262786550631384
-10.95593373119133
-9.85732144252322
-7.8648912778330144
-8.558038458392959
-9.85732144252322
-9.85732144252322
-10.262786550631384
-9.34649581875723
-6.043278845455278
-10.95593373119133
-9.010023582136016
-10.262786550631384
-10.262786550631384
-10.262786550631384
-5.719491768361381
-8.47102708140333
-9.010023582136016
-10.95593373119133
-9.85732144252322
-10.95593373119133
-10.95593373119133
-10.95593373119133
-10.262786550631384
-10.95593373119133
-10.95593373119133
-10.95593373119133
-8.31687640157607
-10.95593373119133
-10.262786550631384
-10.95593373119133
-8.876492189511493
-10.262786550631384
-10.95593373119133
-9.85732144252322
-8.390984373729793
-10.95593373119133
-10.95593373119133
-10.95593373119133
-5.972327109482993
-10.262786550631384
-9.164174261963275
-9.34649581875723
-9.569639370071439
-10.95593373119133
-10.262786550631384
-9.569639370071439
-8.758709153855111
-8.653348638197285
-10.262786550631384
-10.95593373119133
-9.010023582136016
-10.95593373119133
-10.95593373119133
-10.262786550631384
-6.103903467271713
-10.95593373119133
-9.34649581875723
-10.262786550631384
-10.95593373119133
-9.85732144252322
-8.758709153855111
-10.95593373119133
-10.95593373119133
-7.660096865187001
-7.218264112907962
-8.122720387135114
-9.85732144252322
-8.758709153855111
-9.85732144252322
-10.95593373119133
-8.31687640157607
-10.262786550631384
-8.247883530089121
-9.34649581875723
-10.95593373119133
-7.345015818547106
-9.164174261963275
-10.95593373119133
-9.85732144252322
-9.164174261963275
-9.010023582136016
-9.34649581875723
-10.95593373119133
-8.065561973295166
-9.569639370071439
-7.554736349529175
-9.85732144252322
-9.34649581875723
-9.010023582136016
-8.876492189511493
-10.95593373119133
-10.95593373119133
-10.95593373119133
-10.95593373119133
-10.95593373119133
-7.043910725763184
-10.95593373119133
-8.31687640157607
-9.164174261963275
-7.777879900843384
-9.164174261963275
-7.588637901204856
-9.010023582136016
-10.95593373119133
-9.164174261963275
-7.960201457637339
-8.47102708140333
-7.697837193169848
-10.95593373119133
-10.95593373119133
-10.262786550631384
-10.95593373119133
-9.164174261963275
-10.95593373119133
-7.697837193169848
-9.85732144252322
-10.95593373119133
-10.95593373119133
-10.95593373119133
-9.34649581875723
-6.736426026015224
-9.34649581875723
-10.95593373119133
-10.95593373119133
-7.960201457637339
-8.247883530089121
-9.164174261963275
-9.34649581875723
-9.569639370071439
-9.34649581875723
-6.966949684627056
-9.34649581875723
-9.164174261963275
-10.262786550631384
-9.010023582136016
-9.010023582136016
-10.95593373119133
-8.876492189511493
-9.34649581875723
-8.390984373729793
-9.010023582136016
-8.01149475202489
-9.010023582136016
-10.95593373119133
-10.95593373119133
-9.85732144252322
-9.85732144252322
-8.876492189511493
-9.569639370071439
-9.569639370071439
-9.34649581875723
-10.95593373119133
-10.95593373119133
-10.262786550631384
-10.95593373119133
-10.262786550631384
-7.084732720283439
-10.262786550631384
-8.065561973295166
-9.85732144252322
-7.660096865187001
-8.758709153855111
-10.95593373119133
-9.85732144252322
-8.01149475202489
-7.8648912778330144
-10.95593373119133
-9.569639370071439
-5.693243542286445
-10.95593373119133
-10.95593373119133
-9.010023582136016
-10.95593373119133
-9.164174261963275
-10.262786550631384
-10.95593373119133
-7.024108098467004
-8.876492189511493
-10.95593373119133
-8.31687640157607
-9.569639370071439
-10.95593373119133
-10.95593373119133
-10.95593373119133
-8.31687640157607
-8.31687640157607
-10.262786550631384
-9.34649581875723
-5.945298437095074
-8.876492189511493
-9.164174261963275
-9.164174261963275
-8.876492189511493
-8.558038458392959
-9.85732144252322
-10.95593373119133
-8.247883530089121
-9.164174261963275
-9.010023582136016
-8.31687640157607
-6.219735282796835
-9.85732144252322
-10.262786550631384
-10.95593373119133
-10.95593373119133
-10.95593373119133
-10.95593373119133
-10.95593373119133
-10.95593373119133
-10.95593373119133
-10.95593373119133
-9.010023582136016
-7.345015818547106
-8.876492189511493
-7.7370579063231295
-9.010023582136016
-7.242361664487023
-8.47102708140333
-7.4901978283916035
-9.34649581875723
-10.95593373119133
-10.262786550631384
-9.010023582136016
-9.85732144252322
-9.569639370071439
-10.95593373119133
-8.183345008951548
-7.14927124142101
-9.34649581875723
-10.262786550631384
-10.95593373119133
-8.653348638197285
-9.34649581875723
-9.85732144252322
-9.85732144252322
-9.569639370071439
-9.569639370071439
-9.010023582136016
-9.34649581875723
-8.876492189511493
-7.8648912778330144
-10.95593373119133
-7.777879900843384
-7.588637901204856
-10.95593373119133
-9.164174261963275
-6.255453365398914
-8.390984373729793
-10.95593373119133
-8.653348638197285
-9.85732144252322
-9.34649581875723
-9.34649581875723
-9.164174261963275
-9.010023582136016
-9.569639370071439
-10.95593373119133
-10.95593373119133
-10.95593373119133
-10.262786550631384
-9.010023582136016
-9.164174261963275
-9.85732144252322
-10.95593373119133
-9.010023582136016
-10.95593373119133
-9.85732144252322
-8.47102708140333
-10.262786550631384
-9.010023582136016
-9.85732144252322
-10.95593373119133
-9.34649581875723
-8.653348638197285
-10.95593373119133
-10.95593373119133
-10.95593373119133
-8.758709153855111
-10.95593373119133
-10.95593373119133
-10.95593373119133
-10.95593373119133
-10.95593373119133
-10.95593373119133
-10.262786550631384
-9.164174261963275
-8.065561973295166
-8.876492189511493
-6.46729736145919
-8.390984373729793
-9.164174261963275
-9.85732144252322
-9.85732144252322
-7.400585669701917
-10.262786550631384
-9.010023582136016
-10.95593373119133
-10.95593373119133
-9.85732144252322
-6.878396287285611
-7.45942616972485
-10.95593373119133
-8.558038458392959
-9.85732144252322
-10.262786550631384
-10.95593373119133
-10.95593373119133
-10.95593373119133
-10.95593373119133
-8.876492189511493
-9.010023582136016
-9.34649581875723
-8.876492189511493
-9.569639370071439
-6.3915855397234935
-9.34649581875723
-9.85732144252322
-10.95593373119133
-9.569639370071439
-9.85732144252322
-10.95593373119133
-9.569639370071439
-9.34649581875723
-10.95593373119133
-9.569639370071439
-9.34649581875723
-9.34649581875723
-9.34649581875723
-9.34649581875723
-10.95593373119133
-8.247883530089121
-9.34649581875723
-9.569639370071439
-9.569639370071439
-10.95593373119133
-10.95593373119133
-8.653348638197285
-9.34649581875723
-10.262786550631384
-10.262786550631384
-10.262786550631384
-10.262786550631384
-9.85732144252322
-9.010023582136016
-10.95593373119133
-9.569639370071439
-9.569639370071439
-8.876492189511493
-7.218264112907962
-9.164174261963275
-10.95593373119133
-10.95593373119133
-10.95593373119133
-10.95593373119133
-10.95593373119133
-10.95593373119133
-8.876492189511493
-8.065561973295166
-10.95593373119133
-10.95593373119133
-7.267054277077394
-10.262786550631384
-7.623729221016126
-9.010023582136016
-6.985641817639208
-7.45942616972485
-10.95593373119133
-7.623729221016126
-9.34649581875723
-8.47102708140333
-9.569639370071439
-9.569639370071439
-10.262786550631384
-8.47102708140333
-9.34649581875723
-7.697837193169848
-8.758709153855111
-10.95593373119133
-10.95593373119133
-8.758709153855111
-9.164174261963275
-9.85732144252322
-9.85732144252322
-5.831969751788071
-9.164174261963275
-7.8648912778330144
-7.911411293467907
-10.262786550631384
-10.95593373119133
-10.95593373119133
-8.47102708140333
-10.95593373119133
-8.183345008951548
-8.558038458392959
-9.85732144252322
-9.569639370071439
-8.758709153855111
-9.569639370071439
-10.95593373119133
-10.95593373119133
-10.95593373119133
-10.262786550631384
-9.34649581875723
-9.569639370071439
-10.95593373119133
-10.262786550631384
-8.653348638197285
-10.95593373119133
-10.262786550631384
-10.95593373119133
-8.122720387135114
-10.262786550631384
-10.95593373119133
-9.85732144252322
-10.95593373119133
-8.47102708140333
-9.85732144252322
-8.876492189511493
-8.558038458392959
-7.660096865187001
-10.95593373119133
-10.262786550631384
-10.95593373119133
-9.34649581875723
-9.164174261963275
-10.262786550631384
-8.758709153855111
-10.95593373119133
-9.85732144252322
-9.34649581875723
-7.105786129481271
-5.802642136693551
-9.164174261963275
-8.876492189511493
-10.262786550631384
-9.85732144252322
-9.34649581875723
-8.247883530089121
-8.558038458392959
-9.34649581875723
-10.95593373119133
-10.95593373119133
-10.95593373119133
-10.95593373119133
-10.95593373119133
-10.95593373119133
-9.164174261963275
-10.95593373119133
-9.85732144252322
-8.758709153855111
-8.876492189511493
-10.95593373119133
-9.569639370071439
-10.95593373119133
-10.95593373119133
-10.95593373119133
-10.95593373119133
-9.164174261963275
-9.569639370071439
-10.95593373119133
-10.95593373119133
-10.95593373119133
-9.164174261963275
-9.85732144252322
-9.569639370071439
-9.85732144252322
-10.95593373119133
-9.34649581875723
-8.558038458392959
-6.985641817639208
-8.558038458392959
-8.653348638197285
-9.85732144252322
-10.95593373119133
-10.95593373119133
-10.95593373119133
-10.95593373119133
-10.262786550631384
-10.262786550631384
-9.569639370071439
-9.569639370071439
-8.653348638197285
-10.95593373119133
-10.95593373119133
-7.660096865187001
-8.876492189511493
-8.653348638197285
-9.164174261963275
-9.010023582136016
-10.95593373119133
-10.95593373119133
-9.34649581875723
-9.85732144252322
-10.95593373119133
-10.95593373119133
-10.262786550631384
-9.010023582136016
-9.164174261963275
-9.569639370071439
-9.164174261963275
-10.95593373119133
-8.558038458392959
-10.95593373119133
-9.010023582136016
-10.95593373119133
-10.95593373119133
-9.85732144252322
-8.47102708140333
-6.845059867018019
-6.751241111800364
-10.95593373119133
-10.262786550631384
-9.164174261963275
-9.569639370071439
-9.85732144252322
-10.95593373119133
-10.95593373119133
-10.262786550631384
-9.010023582136016
-8.758709153855111
-9.85732144252322
-9.34649581875723
-9.569639370071439
-10.95593373119133
-10.95593373119133
-10.262786550631384
-9.85732144252322
-9.85732144252322
-9.569639370071439
-9.569639370071439
-9.569639370071439
-9.85732144252322
-10.95593373119133
-10.262786550631384
-9.85732144252322
-9.569639370071439
-7.45942616972485
-9.34649581875723
-10.262786550631384
-10.95593373119133
-8.47102708140333
-7.960201457637339
-9.164174261963275
-10.95593373119133
-9.569639370071439
-7.400585669701917
-10.95593373119133
-10.95593373119133
-10.95593373119133
-10.95593373119133
-10.95593373119133
-10.95593373119133
-10.95593373119133
-10.95593373119133
-10.95593373119133
-10.95593373119133
-10.262786550631384
-8.31687640157607
-10.95593373119133
-9.569639370071439
-9.569639370071439
-8.653348638197285
-10.95593373119133
-8.558038458392959
-9.85732144252322
-9.010023582136016
-9.569639370071439
-9.85732144252322
-9.85732144252322
-9.85732144252322
-9.164174261963275
-10.262786550631384
-9.34649581875723
-10.95593373119133
-10.95593373119133
-10.95593373119133
-10.95593373119133
-10.262786550631384
-10.262786550631384
-9.164174261963275
-9.164174261963275
-9.164174261963275
-7.554736349529175
-10.95593373119133
-10.262786550631384
-9.34649581875723
-9.164174261963275
-8.653348638197285
-9.164174261963275
-9.569639370071439
-10.262786550631384
-10.95593373119133
-9.569639370071439
-10.95593373119133
-4.354703612462454
-10.95593373119133
-10.95593373119133
-8.653348638197285
-10.95593373119133
-9.569639370071439
-10.95593373119133
-9.164174261963275
-8.758709153855111
-10.95593373119133
-8.653348638197285
-9.010023582136016
-7.911411293467907
-9.164174261963275
-10.95593373119133
-9.569639370071439
-10.262786550631384
-8.558038458392959
-10.95593373119133
-10.95593373119133
-7.194733615497768
-10.95593373119133
-10.95593373119133
-9.85732144252322
-10.95593373119133
-10.95593373119133
-10.262786550631384
-9.85732144252322
-9.010023582136016
-9.85732144252322
-8.758709153855111
-10.95593373119133
-10.95593373119133
-10.95593373119133
-9.85732144252322
-9.164174261963275
-10.95593373119133
-10.95593373119133
-9.34649581875723
-10.262786550631384
-10.262786550631384
-9.164174261963275
-10.95593373119133
-10.95593373119133
-9.85732144252322
-9.34649581875723
-9.569639370071439
-9.34649581875723
-10.95593373119133
-9.164174261963275
-10.262786550631384
-9.164174261963275
-9.85732144252322
-9.85732144252322
-10.95593373119133
-10.95593373119133
-10.95593373119133
-10.262786550631384
-9.85732144252322
-9.569639370071439
-9.164174261963275
-9.164174261963275
-10.95593373119133
-10.95593373119133
-10.95593373119133
-10.95593373119133
-10.95593373119133
-10.95593373119133
-10.95593373119133
-10.95593373119133
-10.95593373119133
-10.95593373119133
-10.95593373119133
-10.95593373119133
-10.95593373119133
-10.95593373119133
-10.95593373119133
-10.262786550631384
-9.010023582136016
-9.34649581875723
-10.95593373119133
-8.390984373729793
-9.164174261963275
-9.569639370071439
-10.262786550631384
-7.777879900843384
-9.34649581875723
-7.7370579063231295
-10.95593373119133
-8.183345008951548
-10.95593373119133
-10.262786550631384
-10.262786550631384
-9.34649581875723
-9.164174261963275
-8.653348638197285
-9.85732144252322
-9.85732144252322
-9.164174261963275
-7.911411293467907
-10.95593373119133
-9.34649581875723
-9.85732144252322
-9.164174261963275
-9.85732144252322
-9.85732144252322
-10.262786550631384
-10.262786550631384
-9.34649581875723
-10.95593373119133
-7.960201457637339
-10.95593373119133
-10.95593373119133
-10.95593373119133
-8.876492189511493
-9.85732144252322
-9.010023582136016
-10.262786550631384
-9.34649581875723
-7.623729221016126
-9.569639370071439
-10.95593373119133
-10.95593373119133
-9.34649581875723
-7.777879900843384
-9.34649581875723
-9.569639370071439
-9.010023582136016
-10.95593373119133
-10.262786550631384
-9.569639370071439
-10.95593373119133
-10.262786550631384
-10.95593373119133
-8.653348638197285
-10.262786550631384
-9.569639370071439
-9.34649581875723
-10.262786550631384
-10.95593373119133
-10.262786550631384
-10.262786550631384
-10.95593373119133
-10.95593373119133
-10.95593373119133
-8.876492189511493
-10.95593373119133
-10.95593373119133
-6.573907096517448
-8.558038458392959
-8.47102708140333
-8.876492189511493
-10.95593373119133
-9.34649581875723
-8.758709153855111
-8.876492189511493
-8.31687640157607
-8.758709153855111
-9.569639370071439
-10.95593373119133
-8.47102708140333
-10.95593373119133
-10.95593373119133
-9.569639370071439
-10.262786550631384
-9.34649581875723
-10.95593373119133
-10.95593373119133
-10.95593373119133
-10.262786550631384
-9.85732144252322
-10.262786550631384
-10.95593373119133
-10.95593373119133
-10.95593373119133
-10.95593373119133
-10.95593373119133
-10.95593373119133
-10.95593373119133
-10.95593373119133
-10.95593373119133
-10.95593373119133
-10.95593373119133
-10.95593373119133
-10.95593373119133
-10.95593373119133
-10.95593373119133
-10.95593373119133
-10.95593373119133
-10.95593373119133
-10.95593373119133
-10.95593373119133
-10.95593373119133
-10.95593373119133
-9.569639370071439
-8.183345008951548
-5.906077723941793
-10.262786550631384
-9.569639370071439
-10.95593373119133
-9.85732144252322
-8.876492189511493
-10.95593373119133
-10.95593373119133
-9.164174261963275
-10.262786550631384
-9.85732144252322
-10.95593373119133
-9.85732144252322
-9.85732144252322
-10.95593373119133
-9.85732144252322
-9.569639370071439
-10.95593373119133
-10.262786550631384
-10.95593373119133
-10.262786550631384
-10.262786550631384
-10.262786550631384
-9.34649581875723
-10.95593373119133
-9.85732144252322
-10.262786550631384
-10.95593373119133
-7.660096865187001
-9.85732144252322
-10.95593373119133
-6.721827226594071
-8.247883530089121
-9.569639370071439
-10.95593373119133
-10.95593373119133
-9.010023582136016
-10.95593373119133
-10.95593373119133
-8.558038458392959
-9.569639370071439
-10.95593373119133
-10.262786550631384
-9.569639370071439
-10.262786550631384
-10.95593373119133
-10.95593373119133
-10.95593373119133
-8.876492189511493
-8.47102708140333
-7.960201457637339
-9.010023582136016
-9.164174261963275
-8.31687640157607
-9.85732144252322
-8.558038458392959
-8.653348638197285
-9.569639370071439
-10.262786550631384
-8.558038458392959
-8.876492189511493
-9.164174261963275
-9.569639370071439
-9.569639370071439
-10.95593373119133
-10.95593373119133
-10.262786550631384
-7.318347571464944
-10.95593373119133
-9.010023582136016
-8.558038458392959
-10.262786550631384
-7.82043951526218
-10.95593373119133
-8.876492189511493
-8.31687640157607
-9.85732144252322
-8.47102708140333
-8.876492189511493
-10.95593373119133
-10.95593373119133
-10.95593373119133
-8.065561973295166
-10.262786550631384
-10.262786550631384
-10.262786550631384
-9.34649581875723
-7.4901978283916035
-9.569639370071439
-9.164174261963275
-10.95593373119133
-10.95593373119133
-9.34649581875723
-9.85732144252322
-9.010023582136016
-10.95593373119133
-10.95593373119133
-10.95593373119133
-8.47102708140333
