-4.097445932998877
-3.6055169431241754
-11.20241138126872
-5.382328450916357
-5.9713027644141325
-4.807149783153269
-4.6966273211404905
-6.260768958659415
-4.985805280183854
-6.327214058067567
-4.028453061511925
-7.108066819046618
-6.289756495532667
-6.529582546806813
-5.831773353141056
-6.648534489668178
-5.596609314972722
-6.350381117349102
-6.02626164869489
-8.494361180166509
-4.448973462670939
-6.066612944218457
-4.347002582658791
-6.832963528801697
-6.832963528801697
-2.161318406599219
-8.024357550920774
-9.592973468834618
-6.398390336535463
-5.93455322220539
-10.103799092600608
-8.024357550920774
-6.327214058067567
-4.570409603873089
-5.394268891288275
-6.5676823930390835
-4.2670409352536085
-7.488839314564411
-6.42328788815719
-4.876261908113619
-6.759760124778403
-6.820384746594837
-6.713775011536579
-6.982903676092612
-4.64421357845645
-11.20241138126872
-5.649451796347101
-7.159360113434169
-7.213427334704445
-7.591493468624495
-7.835115551282245
-6.289756495532667
-5.864873301567401
-9.122969839588883
-6.3661294743172405
-8.206679107714727
-7.124873937363
-5.088729201436488
-6.95391613921936
-4.975874711981254
-7.091537517095408
-7.290388375840573
-7.3105910831580925
-4.979835113197351
-7.270585748544393
-8.717504731480718
-7.290388375840573
-7.3105910831580925
-6.3425989769070465
-6.925745262252663
-5.1409544623407015
-6.898346288064549
-7.538849735139072
-7.17705969053357
-8.369198037212502
-9.256501232213406
-7.618892442812609
-7.618892442812609
-7.983535556400518
-5.283517526995572
-6.29713660283029
-7.705903819802239
-5.904094014720682
-7.395748891498399
-6.358224294810127
-6.289756495532667
-5.976664707555518
-7.647063319779305
-9.592973468834618
-7.647063319779305
-7.8012139996065635
-9.410651912040663
-7.108066819046618
-5.827132973584554
-7.538849735139072
-6.845702554579127
-7.676050856652558
-5.874535212479138
-4.09991202549407
-6.3425989769070465
-5.553437143107513
-6.327214058067567
-9.0051868039325
-10.103799092600608
-6.260768958659415
-7.195078196036248
-7.647063319779305
-4.416823736260789
-7.232119467716597
-6.982903676092612
-6.382129815663682
-6.185131544453794
-9.256501232213406
-7.4647417629853505
-7.35226377955866
-11.20241138126872
-7.870206871093515
-7.159360113434169
-7.647063319779305
-7.564825221542333
-6.9119519401203275
-6.80796222659628
-11.20241138126872
-7.8012139996065635
-9.0051868039325
-8.717504731480718
-5.592939586083759
-7.331210370360828
-8.157888943545295
-6.982903676092612
-6.691551874751869
-6.982903676092612
-7.676050856652558
-9.410651912040663
-6.414919638486673
-7.35226377955866
-7.835115551282245
-5.162156669991305
-7.35226377955866
-5.353086601321859
-11.20241138126872
-8.899826288274673
-6.267937448138027
-6.414919638486673
-7.835115551282245
-9.816117020148829
-7.075276996223628
-7.705903819802239
-7.736675478468992
-8.157888943545295
-8.25797240210228
-7.4647417629853505
-8.717504731480718
-7.059276654877186
-7.591493468624495
-6.638063189800882
-7.35226377955866
-9.410651912040663
-8.717504731480718
-9.592973468834618
-9.122969839588883
-7.290388375840573
-7.705903819802239
-6.090423592912176
-11.20241138126872
-6.440237446470963
-11.20241138126872
-7.591493468624495
-5.808783834916357
-10.509264200708774
-5.589283274880649
-8.369198037212502
-10.509264200708774
-4.9998758640807965
-6.795692134004466
-11.20241138126872
-8.111368927910403
-7.944314843247237
-7.3105910831580925
-6.648534489668178
-8.024357550920774
-7.4647417629853505
-9.256501232213406
-6.80796222659628
-8.899826288274673
-6.669811888115463
-8.25797240210228
-8.25797240210228
-9.592973468834618
-8.369198037212502
-9.592973468834618
-8.312039623372554
-7.4647417629853505
-6.334876930813136
-11.20241138126872
-9.592973468834618
-11.20241138126872
-11.20241138126872
-10.103799092600608
-8.111368927910403
-8.429822659028938
-9.410651912040663
-5.672982293757296
-6.3661294743172405
-4.412314145754814
-7.564825221542333
-7.232119467716597
-9.122969839588883
-8.206679107714727
-7.373769984779623
-5.992925228427298
-7.870206871093515
-6.9119519401203275
-11.20241138126872
-8.111368927910403
-10.103799092600608
-11.20241138126872
-9.816117020148829
-7.232119467716597
-7.251167662687291
-7.418221747350458
-7.906574515264389
-7.983535556400518
-6.29713660283029
-7.676050856652558
-7.4647417629853505
-6.003914350002893
-8.206679107714727
-7.17705969053357
-7.906574515264389
-11.20241138126872
-8.206679107714727
-7.488839314564411
-8.369198037212502
-8.312039623372554
-8.25797240210228
-8.024357550920774
-8.111368927910403
-9.410651912040663
-7.736675478468992
-11.20241138126872
-8.206679107714727
-11.20241138126872
-7.395748891498399
-6.771594582425405
-7.906574515264389
-7.835115551282245
-8.899826288274673
-8.637462023807181
-9.0051868039325
-9.816117020148829
-9.410651912040663
-7.331210370360828
-6.096465907368138
-6.997718761877753
-7.591493468624495
-8.429822659028938
-5.799733999396439
-7.418221747350458
-9.122969839588883
-8.206679107714727
-5.564056711934973
-8.637462023807181
-7.395748891498399
-6.358224294810127
-6.072512666345645
-7.983535556400518
-7.870206871093515
-9.816117020148829
-6.795692134004466
-7.35226377955866
-8.429822659028938
-8.56335405165346
-7.676050856652558
-9.410651912040663
-6.0206278309766335
-10.103799092600608
-9.410651912040663
-8.429822659028938
-8.206679107714727
-9.0051868039325
-9.410651912040663
-7.028024111373082
-8.637462023807181
-11.20241138126872
-7.906574515264389
-7.768424176783572
-6.669811888115463
-6.659116598998715
-9.0051868039325
-8.024357550920774
-7.35226377955866
-8.206679107714727
-7.538849735139072
-11.20241138126872
-8.717504731480718
-8.312039623372554
-8.06691716533957
-7.835115551282245
-6.638063189800882
-8.369198037212502
-7.4412112655751566
-11.20241138126872
-8.06691716533957
-5.124769137919684
-9.592973468834618
-6.95391613921936
-9.122969839588883
-8.899826288274673
-7.906574515264389
-8.312039623372554
-8.637462023807181
-5.104337099102478
-7.835115551282245
-8.157888943545295
-7.870206871093515
-6.304571581317807
-10.509264200708774
-7.983535556400518
-6.127237566034892
-7.676050856652558
-8.717504731480718
-8.25797240210228
-5.596609314972722
-6.9119519401203275
-6.5202801541444995
-9.592973468834618
-11.20241138126872
-7.983535556400518
-8.25797240210228
-8.206679107714727
-11.20241138126872
-10.103799092600608
-11.20241138126872
-8.717504731480718
-9.122969839588883
-10.509264200708774
-8.157888943545295
-7.395748891498399
-8.429822659028938
-9.0051868039325
-7.17705969053357
-8.369198037212502
-10.509264200708774
-9.0051868039325
-7.538849735139072
-8.206679107714727
-11.20241138126872
-9.0051868039325
-7.395748891498399
-9.0051868039325
-11.20241138126872
-8.157888943545295
-8.111368927910403
-7.983535556400518
-8.637462023807181
-8.312039623372554
-7.591493468624495
-9.256501232213406
-8.804516108470349
-7.059276654877186
-7.870206871093515
-9.816117020148829
-9.122969839588883
-6.680622804219679
-11.20241138126872
-9.122969839588883
-7.705903819802239
-9.256501232213406
-7.870206871093515
-8.25797240210228
-11.20241138126872
-8.157888943545295
-8.429822659028938
-11.20241138126872
-7.768424176783572
-10.509264200708774
-8.429822659028938
-8.56335405165346
-8.494361180166509
-6.253651490890551
-9.256501232213406
-11.20241138126872
-6.205199107504604
-7.835115551282245
-11.20241138126872
-11.20241138126872
-7.705903819802239
-6.501931015476303
-6.925745262252663
-6.501931015476303
-7.870206871093515
-8.206679107714727
-8.56335405165346
-7.108066819046618
-11.20241138126872
-8.25797240210228
-9.410651912040663
-8.06691716533957
-7.513531927154783
-10.103799092600608
-8.637462023807181
-9.410651912040663
-8.899826288274673
-8.717504731480718
-7.159360113434169
-8.717504731480718
-9.122969839588883
-9.816117020148829
-8.25797240210228
-5.7952396098086
-9.0051868039325
-8.56335405165346
-7.983535556400518
-8.429822659028938
-8.206679107714727
-8.717504731480718
-9.256501232213406
-7.768424176783572
-11.20241138126872
-9.410651912040663
-11.20241138126872
-9.0051868039325
-7.418221747350458
-6.358224294810127
-8.804516108470349
-7.331210370360828
-9.816117020148829
-9.592973468834618
-11.20241138126872
-11.20241138126872
-7.618892442812609
-6.648534489668178
-10.103799092600608
-8.157888943545295
-8.899826288274673
-8.111368927910403
-10.509264200708774
-9.256501232213406
-5.020326474552087
-10.509264200708774
-8.717504731480718
-8.899826288274673
-8.429822659028938
-5.81791631847963
-8.56335405165346
-7.870206871093515
-9.0051868039325
-9.256501232213406
-9.816117020148829
-8.312039623372554
-11.20241138126872
-7.705903819802239
-10.509264200708774
-8.717504731480718
-6.845702554579127
-5.705243155975517
-11.20241138126872
-7.768424176783572
-8.024357550920774
-9.410651912040663
-5.768689377714479
-6.382129815663682
-8.804516108470349
-6.406620835671978
-7.124873937363
-10.509264200708774
-7.373769984779623
-7.488839314564411
-10.509264200708774
-8.06691716533957
-9.410651912040663
-11.20241138126872
-8.06691716533957
-8.206679107714727
-8.206679107714727
-7.944314843247237
-7.232119467716597
-7.835115551282245
-8.717504731480718
-9.0051868039325
-7.35226377955866
-8.25797240210228
-8.899826288274673
-8.717504731480718
-8.717504731480718
-8.312039623372554
-8.429822659028938
-8.024357550920774
-9.122969839588883
-11.20241138126872
-9.410651912040663
-8.804516108470349
-9.0051868039325
-7.4647417629853505
-9.0051868039325
-9.122969839588883
-8.717504731480718
-6.492881179956385
-8.637462023807181
-7.4647417629853505
-8.06691716533957
-7.8012139996065635
-9.122969839588883
-8.56335405165346
-8.804516108470349
-11.20241138126872
-9.0051868039325
-8.899826288274673
-8.717504731480718
-9.410651912040663
-11.20241138126872
-8.369198037212502
-9.410651912040663
-6.334876930813136
-8.56335405165346
-9.256501232213406
-10.509264200708774
-7.983535556400518
-11.20241138126872
-5.333114468134944
-11.20241138126872
-8.717504731480718
-7.870206871093515
-7.213427334704445
-8.494361180166509
-8.06691716533957
-8.717504731480718
-8.157888943545295
-8.717504731480718
-9.592973468834618
-8.429822659028938
-10.509264200708774
-6.871678040982387
-11.20241138126872
-11.20241138126872
-8.637462023807181
-8.717504731480718
-8.206679107714727
-8.899826288274673
-9.0051868039325
-8.494361180166509
-11.20241138126872
-8.25797240210228
-9.122969839588883
-8.25797240210228
-8.429822659028938
-7.835115551282245
-7.705903819802239
-7.591493468624495
-6.529582546806813
-8.56335405165346
-7.513531927154783
-11.20241138126872
-7.564825221542333
-9.256501232213406
-7.618892442812609
-9.256501232213406
-9.410651912040663
-7.835115551282245
-9.122969839588883
-8.369198037212502
-7.768424176783572
-9.592973468834618
-8.369198037212502
-11.20241138126872
-7.647063319779305
-6.431726756803054
-8.804516108470349
-9.592973468834618
-11.20241138126872
-8.717504731480718
-6.939731504227404
-8.804516108470349
-7.538849735139072
-7.124873937363
-11.20241138126872
-9.816117020148829
-8.206679107714727
-8.899826288274673
-7.906574515264389
-6.759760124778403
-8.717504731480718
-9.256501232213406
-8.111368927910403
-8.56335405165346
-7.3105910831580925
-8.637462023807181
-9.122969839588883
-11.20241138126872
-7.270585748544393
-8.56335405165346
-7.538849735139072
-7.488839314564411
-8.494361180166509
-7.564825221542333
-6.538972287156652
-9.816117020148829
-11.20241138126872
-8.804516108470349
-8.429822659028938
-11.20241138126872
-11.20241138126872
-8.899826288274673
-8.206679107714727
-8.369198037212502
-8.804516108470349
-9.256501232213406
-8.06691716533957
-8.637462023807181
-8.206679107714727
-9.410651912040663
-8.206679107714727
-9.816117020148829
-9.410651912040663
-10.103799092600608
-8.56335405165346
-10.103799092600608
-9.592973468834618
-9.0051868039325
-9.256501232213406
-9.816117020148829
-9.410651912040663
-9.410651912040663
-8.804516108470349
-9.816117020148829
-6.275157696111514
-8.25797240210228
-8.429822659028938
-8.429822659028938
-9.410651912040663
-7.983535556400518
-6.382129815663682
-10.103799092600608
-9.816117020148829
-8.157888943545295
-9.256501232213406
-9.0051868039325
-8.637462023807181
-8.717504731480718
-10.509264200708774
-8.637462023807181
-8.804516108470349
-9.410651912040663
-8.899826288274673
-7.618892442812609
-10.509264200708774
-8.637462023807181
-8.206679107714727
-7.513531927154783
-8.25797240210228
-8.429822659028938
-9.122969839588883
-9.0051868039325
-5.459408193459237
-9.122969839588883
-7.705903819802239
-9.256501232213406
-9.410651912040663
-11.20241138126872
-9.816117020148829
-10.509264200708774
-8.369198037212502
-10.509264200708774
-11.20241138126872
-9.592973468834618
-7.835115551282245
-7.647063319779305
-7.124873937363
-8.899826288274673
-8.717504731480718
-9.816117020148829
-8.899826288274673
-9.410651912040663
-9.410651912040663
-8.56335405165346
-11.20241138126872
-9.122969839588883
-8.25797240210228
-10.103799092600608
-9.256501232213406
-8.56335405165346
-7.591493468624495
-11.20241138126872
-8.56335405165346
-7.736675478468992
-7.768424176783572
-5.904094014720682
-9.256501232213406
-7.418221747350458
-9.816117020148829
-9.0051868039325
-8.312039623372554
-9.256501232213406
-9.410651912040663
-9.410651912040663
-9.816117020148829
-9.410651912040663
-7.906574515264389
-9.592973468834618
-11.20241138126872
-8.369198037212502
-11.20241138126872
-11.20241138126872
-8.56335405165346
-9.816117020148829
-7.159360113434169
-8.804516108470349
-8.56335405165346
-9.816117020148829
-8.494361180166509
-8.637462023807181
-7.012756639242293
-9.122969839588883
-8.804516108470349
-10.509264200708774
-9.256501232213406
-8.637462023807181
-11.20241138126872
-11.20241138126872
-7.270585748544393
-9.592973468834618
-9.816117020148829
-5.950137953222089
-9.0051868039325
-9.410651912040663
-7.35226377955866
-9.592973468834618
-9.592973468834618
-11.20241138126872
-8.899826288274673
-6.884923267732408
-8.804516108470349
-9.0051868039325
-9.256501232213406
-7.290388375840573
-11.20241138126872
-8.429822659028938
-7.906574515264389
-7.213427334704445
-9.816117020148829
-7.418221747350458
-9.816117020148829
-9.256501232213406
-7.4647417629853505
-6.529582546806813
-10.103799092600608
-9.122969839588883
-11.20241138126872
-7.906574515264389
-9.0051868039325
-8.25797240210228
-8.804516108470349
-8.899826288274673
-7.906574515264389
-11.20241138126872
-8.637462023807181
-8.717504731480718
-10.509264200708774
-11.20241138126872
-10.509264200708774
-8.717504731480718
-9.410651912040663
-10.103799092600608
-9.816117020148829
-9.410651912040663
-10.509264200708774
-9.592973468834618
-8.899826288274673
-9.816117020148829
-9.410651912040663
-11.20241138126872
-11.20241138126872
-11.20241138126872
-9.592973468834618
-9.0051868039325
-9.816117020148829
-7.290388375840573
-8.804516108470349
-9.816117020148829
-9.816117020148829
-7.768424176783572
-10.103799092600608
-11.20241138126872
-8.637462023807181
-10.103799092600608
-9.0051868039325
-9.0051868039325
-8.06691716533957
-3.5671074950093042
-10.509264200708774
-9.0051868039325
-8.56335405165346
-8.899826288274673
-8.637462023807181
-8.717504731480718
-10.103799092600608
-11.20241138126872
-7.195078196036248
-8.206679107714727
-7.232119467716597
-9.592973468834618
-8.899826288274673
-11.20241138126872
-9.410651912040663
-9.816117020148829
-10.103799092600608
-6.7250745667905125
-10.103799092600608
-11.20241138126872
-11.20241138126872
-8.111368927910403
-7.538849735139072
-8.56335405165346
-8.899826288274673
-10.103799092600608
-11.20241138126872
-6.431726756803054
-10.509264200708774
-11.20241138126872
-10.103799092600608
-8.717504731480718
-10.103799092600608
-9.592973468834618
-7.906574515264389
-11.20241138126872
-8.804516108470349
-9.122969839588883
-8.804516108470349
-9.256501232213406
-10.103799092600608
-9.256501232213406
-9.122969839588883
-8.56335405165346
-8.56335405165346
-11.20241138126872
-11.20241138126872
-8.111368927910403
-6.475023562556379
-6.884923267732408
-9.592973468834618
-7.395748891498399
-7.647063319779305
-9.256501232213406
-9.122969839588883
-7.290388375840573
-10.103799092600608
-9.122969839588883
-8.312039623372554
-8.06691716533957
-9.816117020148829
-9.256501232213406
-9.0051868039325
-11.20241138126872
-9.410651912040663
-9.410651912040663
-9.816117020148829
-9.0051868039325
-11.20241138126872
-10.103799092600608
-9.256501232213406
-9.816117020148829
-11.20241138126872
-10.509264200708774
-8.024357550920774
-9.592973468834618
-8.637462023807181
-9.592973468834618
-11.20241138126872
-8.899826288274673
-9.256501232213406
-9.122969839588883
-10.103799092600608
-9.592973468834618
-11.20241138126872
-10.509264200708774
-10.103799092600608
-9.0051868039325
-11.20241138126872
-8.206679107714727
-7.17705969053357
-8.899826288274673
-8.429822659028938
-8.899826288274673
-6.997718761877753
-9.816117020148829
-11.20241138126872
-10.103799092600608
-10.509264200708774
-10.509264200708774
-11.20241138126872
-9.122969839588883
-7.418221747350458
-10.509264200708774
-8.637462023807181
-9.410651912040663
-11.20241138126872
-6.374097643966418
-8.899826288274673
-11.20241138126872
-10.103799092600608
-10.509264200708774
-9.592973468834618
-9.816117020148829
-10.509264200708774
-9.410651912040663
-8.206679107714727
-10.509264200708774
-8.899826288274673
-8.206679107714727
-8.637462023807181
-9.410651912040663
-11.20241138126872
-9.122969839588883
-9.410651912040663
-10.509264200708774
-8.637462023807181
-9.0051868039325
-8.312039623372554
-11.20241138126872
-9.816117020148829
-8.637462023807181
-9.592973468834618
-9.122969839588883
-8.56335405165346
-8.637462023807181
-11.20241138126872
-11.20241138126872
-10.509264200708774
-9.410651912040663
-11.20241138126872
-8.369198037212502
-8.25797240210228
-8.429822659028938
-9.256501232213406
-6.04335608205419
-11.20241138126872
-9.816117020148829
-9.410651912040663
-11.20241138126872
-10.509264200708774
-11.20241138126872
-9.592973468834618
-6.627700402765336
-10.509264200708774
-9.592973468834618
-9.816117020148829
-8.429822659028938
-10.103799092600608
-8.637462023807181
-11.20241138126872
-10.509264200708774
-11.20241138126872
-9.592973468834618
-7.8012139996065635
-8.494361180166509
-9.0051868039325
-11.20241138126872
-9.816117020148829
-7.395748891498399
-9.0051868039325
-9.410651912040663
-9.816117020148829
-10.509264200708774
-10.509264200708774
-9.816117020148829
-7.059276654877186
-8.899826288274673
-9.122969839588883
-9.122969839588883
-9.592973468834618
-5.475563633681522
-8.717504731480718
-9.256501232213406
-11.20241138126872
-10.509264200708774
-9.816117020148829
-10.509264200708774
-10.103799092600608
-10.509264200708774
-10.509264200708774
-8.312039623372554
-8.024357550920774
-3.874630842847088
-7.8012139996065635
-11.20241138126872
-11.20241138126872
-11.20241138126872
-10.509264200708774
-7.944314843247237
-9.410651912040663
-9.0051868039325
-8.637462023807181
-10.509264200708774
-9.122969839588883
-8.56335405165346
-3.3314817845135765
-9.0051868039325
-10.103799092600608
-11.20241138126872
-9.816117020148829
-9.410651912040663
-10.509264200708774
-8.717504731480718
-11.20241138126872
-8.804516108470349
-9.410651912040663
-9.256501232213406
-7.618892442812609
-8.157888943545295
-8.494361180166509
-9.592973468834618
-9.592973468834618
-8.637462023807181
-9.816117020148829
-10.509264200708774
-11.20241138126872
-10.509264200708774
-8.429822659028938
-9.122969839588883
-11.20241138126872
-10.509264200708774
-7.944314843247237
-9.256501232213406
-11.20241138126872
-8.899826288274673
-9.592973468834618
-8.637462023807181
-8.899826288274673
-10.509264200708774
-9.122969839588883
-6.795692134004466
-9.592973468834618
-8.369198037212502
-9.122969839588883
-9.122969839588883
-9.0051868039325
-9.0051868039325
-9.816117020148829
-11.20241138126872
-9.592973468834618
-8.494361180166509
-11.20241138126872
-10.509264200708774
-8.637462023807181
-9.592973468834618
-9.256501232213406
-10.103799092600608
-10.509264200708774
-9.256501232213406
-9.0051868039325
-10.509264200708774
-11.20241138126872
-11.20241138126872
-11.20241138126872
-9.592973468834618
-8.157888943545295
-9.256501232213406
-11.20241138126872
-11.20241138126872
-8.494361180166509
-11.20241138126872
-9.122969839588883
-9.256501232213406
-9.0051868039325
-9.592973468834618
-7.538849735139072
-8.899826288274673
-8.494361180166509
-10.509264200708774
-11.20241138126872
-11.20241138126872
-10.509264200708774
-11.20241138126872
-8.024357550920774
-8.06691716533957
-7.618892442812609
-9.816117020148829
-10.103799092600608
-10.103799092600608
-9.410651912040663
-8.899826288274673
-9.256501232213406
-9.256501232213406
-8.899826288274673
-7.736675478468992
-9.592973468834618
-9.410651912040663
-6.680622804219679
-7.564825221542333
-9.816117020148829
-8.06691716533957
-9.256501232213406
-8.899826288274673
-9.0051868039325
-9.816117020148829
-10.103799092600608
-9.592973468834618
-9.410651912040663
-11.20241138126872
-10.509264200708774
-7.983535556400518
-11.20241138126872
-9.256501232213406
-9.816117020148829
-10.103799092600608
-7.17705969053357
-9.410651912040663
-8.429822659028938
-9.410651912040663
-9.592973468834618
-11.20241138126872
-9.122969839588883
-9.256501232213406
-10.509264200708774
-9.410651912040663
-9.122969839588883
-10.509264200708774
-8.804516108470349
-6.2395667510088115
-9.592973468834618
-10.509264200708774
-8.804516108470349
-10.509264200708774
-8.899826288274673
-6.146165575920411
-9.592973468834618
-10.509264200708774
-9.816117020148829
-10.103799092600608
-9.592973468834618
-9.410651912040663
-9.410651912040663
-9.410651912040663
-11.20241138126872
-11.20241138126872
-9.410651912040663
-7.647063319779305
-9.256501232213406
-9.592973468834618
-9.816117020148829
-7.736675478468992
-11.20241138126872
-10.103799092600608
-9.256501232213406
-9.410651912040663
-10.103799092600608
-11.20241138126872
-10.509264200708774
-5.96596941843877
-10.509264200708774
-10.509264200708774
-8.804516108470349
-9.122969839588883
-9.816117020148829
-8.804516108470349
-9.122969839588883
-10.509264200708774
-7.944314843247237
-9.256501232213406
-11.20241138126872
-11.20241138126872
-11.20241138126872
-9.410651912040663
-9.592973468834618
-6.577438567984448
-10.103799092600608
-11.20241138126872
-8.899826288274673
-9.816117020148829
-10.103799092600608
-10.509264200708774
-11.20241138126872
-9.592973468834618
-7.213427334704445
-6.96830487667146
-7.513531927154783
-9.122969839588883
-9.0051868039325
-8.56335405165346
-11.20241138126872
-8.804516108470349
-8.804516108470349
-9.410651912040663
-8.899826288274673
-9.592973468834618
-7.091537517095408
-10.509264200708774
-10.103799092600608
-11.20241138126872
-10.509264200708774
-10.103799092600608
-8.494361180166509
-9.0051868039325
-8.111368927910403
-9.0051868039325
-7.906574515264389
-8.56335405165346
-10.509264200708774
-8.25797240210228
-8.206679107714727
-9.816117020148829
-9.816117020148829
-9.816117020148829
-9.816117020148829
-11.20241138126872
-7.012756639242293
-10.103799092600608
-9.256501232213406
-7.944314843247237
-9.0051868039325
-8.899826288274673
-7.290388375840573
-11.20241138126872
-9.256501232213406
-9.0051868039325
-7.8012139996065635
-8.804516108470349
-8.06691716533957
-9.816117020148829
-11.20241138126872
-11.20241138126872
-9.0051868039325
-9.592973468834618
-9.816117020148829
-7.538849735139072
-9.592973468834618
-9.816117020148829
-10.103799092600608
-11.20241138126872
-7.944314843247237
-6.748064085015211
-11.20241138126872
-9.816117020148829
-9.410651912040663
-7.705903819802239
-7.647063319779305
-10.509264200708774
-11.20241138126872
-11.20241138126872
-8.06691716533957
-7.075276996223628
-8.06691716533957
-11.20241138126872
-9.816117020148829
-11.20241138126872
-9.256501232213406
-9.816117020148829
-8.637462023807181
-8.56335405165346
-7.906574515264389
-10.509264200708774
-8.111368927910403
-10.103799092600608
-11.20241138126872
-9.122969839588883
-10.509264200708774
-11.20241138126872
-11.20241138126872
-11.20241138126872
-11.20241138126872
-11.20241138126872
-10.509264200708774
-9.816117020148829
-8.804516108470349
-9.816117020148829
-10.509264200708774
-7.736675478468992
-9.816117020148829
-7.4647417629853505
-8.157888943545295
-9.0051868039325
-9.122969839588883
-9.256501232213406
-9.256501232213406
-9.816117020148829
-7.944314843247237
-9.0051868039325
-11.20241138126872
-6.07844740186546
-9.816117020148829
-9.410651912040663
-11.20241138126872
-8.637462023807181
-8.637462023807181
-11.20241138126872
-9.816117020148829
-7.564825221542333
-8.637462023807181
-9.410651912040663
-7.768424176783572
-8.637462023807181
-9.410651912040663
-11.20241138126872
-9.410651912040663
-8.717504731480718
-9.256501232213406
-9.592973468834618
-11.20241138126872
-6.225677638848144
-10.103799092600608
-10.509264200708774
-8.717504731480718
-8.717504731480718
-9.816117020148829
-8.717504731480718
-9.816117020148829
-9.256501232213406
-9.122969839588883
-8.637462023807181
-8.312039623372554
-6.529582546806813
-8.312039623372554
-9.256501232213406
-11.20241138126872
-10.103799092600608
-9.816117020148829
-9.816117020148829
-11.20241138126872
-11.20241138126872
-9.592973468834618
-11.20241138126872
-8.25797240210228
-7.418221747350458
-8.06691716533957
-7.618892442812609
-9.592973468834618
-7.213427334704445
-9.410651912040663
-8.56335405165346
-11.20241138126872
-11.20241138126872
-11.20241138126872
-11.20241138126872
-11.20241138126872
-11.20241138126872
-9.816117020148829
-10.509264200708774
-6.96830487667146
-10.509264200708774
-9.0051868039325
-9.410651912040663
-10.509264200708774
-10.509264200708774
-11.20241138126872
-11.20241138126872
-11.20241138126872
-11.20241138126872
-11.20241138126872
-10.103799092600608
-9.256501232213406
-8.312039623372554
-9.816117020148829
-8.25797240210228
-8.637462023807181
-10.103799092600608
-11.20241138126872
-6.334876930813136
-8.56335405165346
-11.20241138126872
-9.816117020148829
-9.816117020148829
-11.20241138126872
-11.20241138126872
-11.20241138126872
-9.816117020148829
-9.410651912040663
-9.816117020148829
-9.410651912040663
-9.0051868039325
-9.0051868039325
-10.509264200708774
-10.509264200708774
-10.509264200708774
-9.816117020148829
-10.509264200708774
-9.122969839588883
-9.410651912040663
-9.816117020148829
-9.592973468834618
-11.20241138126872
-11.20241138126872
-9.0051868039325
-10.103799092600608
-10.103799092600608
-10.103799092600608
-9.816117020148829
-9.256501232213406
-9.410651912040663
-9.410651912040663
-10.509264200708774
-9.816117020148829
-10.509264200708774
-9.592973468834618
-9.122969839588883
-9.410651912040663
-11.20241138126872
-7.906574515264389
-10.509264200708774
-6.845702554579127
-9.816117020148829
-9.0051868039325
-11.20241138126872
-9.410651912040663
-7.983535556400518
-9.0051868039325
-10.509264200708774
-10.103799092600608
-10.103799092600608
-8.637462023807181
-7.373769984779623
-7.159360113434169
-9.0051868039325
-9.256501232213406
-11.20241138126872
-11.20241138126872
-11.20241138126872
-9.410651912040663
-10.103799092600608
-10.103799092600608
-10.103799092600608
-9.256501232213406
-9.410651912040663
-9.410651912040663
-10.509264200708774
-6.9119519401203275
-10.509264200708774
-11.20241138126872
-11.20241138126872
-9.592973468834618
-10.509264200708774
-9.592973468834618
-9.410651912040663
-11.20241138126872
-9.122969839588883
-9.410651912040663
-9.0051868039325
-8.494361180166509
-9.122969839588883
-8.899826288274673
-11.20241138126872
-7.835115551282245
-9.410651912040663
-8.899826288274673
-9.816117020148829
-9.592973468834618
-9.816117020148829
-11.20241138126872
-9.0051868039325
-9.410651912040663
-9.816117020148829
-8.899826288274673
-9.256501232213406
-11.20241138126872
-11.20241138126872
-9.816117020148829
-8.25797240210228
-8.804516108470349
-9.816117020148829
-7.870206871093515
-11.20241138126872
-11.20241138126872
-10.103799092600608
-9.592973468834618
-11.20241138126872
-9.816117020148829
-10.509264200708774
-7.983535556400518
-9.256501232213406
-9.592973468834618
-11.20241138126872
-7.564825221542333
-11.20241138126872
-7.618892442812609
-9.256501232213406
-7.4647417629853505
-7.17705969053357
-11.20241138126872
-7.906574515264389
-11.20241138126872
-9.122969839588883
-10.509264200708774
-11.20241138126872
-11.20241138126872
-9.592973468834618
-11.20241138126872
-7.835115551282245
-10.509264200708774
-9.816117020148829
-9.256501232213406
-10.103799092600608
-11.20241138126872
-8.369198037212502
-8.804516108470349
-6.319609458682348
-8.206679107714727
-9.122969839588883
-8.024357550920774
-9.816117020148829
-11.20241138126872
-11.20241138126872
-9.256501232213406
-9.592973468834618
-10.103799092600608
-9.410651912040663
-10.509264200708774
-9.410651912040663
-9.592973468834618
-9.256501232213406
-9.592973468834618
-11.20241138126872
-11.20241138126872
-11.20241138126872
-11.20241138126872
-10.509264200708774
-11.20241138126872
-11.20241138126872
-8.56335405165346
-11.20241138126872
-9.592973468834618
-10.103799092600608
-7.944314843247237
-11.20241138126872
-9.410651912040663
-9.410651912040663
-9.256501232213406
-9.816117020148829
-9.0051868039325
-8.637462023807181
-10.509264200708774
-8.804516108470349
-10.509264200708774
-10.103799092600608
-9.592973468834618
-9.592973468834618
-10.509264200708774
-9.256501232213406
-9.122969839588883
-10.509264200708774
-9.0051868039325
-9.0051868039325
-7.059276654877186
-6.090423592912176
-11.20241138126872
-10.509264200708774
-9.0051868039325
-11.20241138126872
-9.256501232213406
-9.256501232213406
-10.509264200708774
-10.103799092600608
-9.816117020148829
-10.103799092600608
-10.509264200708774
-9.816117020148829
-10.103799092600608
-9.592973468834618
-8.804516108470349
-10.103799092600608
-11.20241138126872
-8.804516108470349
-7.906574515264389
-10.103799092600608
-10.509264200708774
-9.816117020148829
-9.256501232213406
-10.103799092600608
-9.410651912040663
-10.509264200708774
-8.637462023807181
-9.816117020148829
-11.20241138126872
-9.592973468834618
-11.20241138126872
-10.509264200708774
-9.592973468834618
-8.804516108470349
-11.20241138126872
-8.804516108470349
-7.8012139996065635
-7.270585748544393
-9.410651912040663
-9.816117020148829
-10.103799092600608
-9.592973468834618
-9.816117020148829
-11.20241138126872
-10.509264200708774
-10.509264200708774
-11.20241138126872
-11.20241138126872
-11.20241138126872
-11.20241138126872
-11.20241138126872
-9.816117020148829
-8.25797240210228
-9.592973468834618
-10.509264200708774
-10.103799092600608
-11.20241138126872
-9.816117020148829
-10.509264200708774
-10.103799092600608
-9.122969839588883
-10.103799092600608
-10.103799092600608
-9.0051868039325
-8.25797240210228
-10.103799092600608
-11.20241138126872
-9.816117020148829
-10.103799092600608
-9.256501232213406
-9.592973468834618
-10.103799092600608
-9.816117020148829
-9.122969839588883
-10.509264200708774
-8.25797240210228
-7.213427334704445
-6.7026017109384535
-9.256501232213406
-9.410651912040663
-9.0051868039325
-11.20241138126872
-8.899826288274673
-9.816117020148829
-10.509264200708774
-9.592973468834618
-11.20241138126872
-8.717504731480718
-11.20241138126872
-11.20241138126872
-11.20241138126872
-11.20241138126872
-11.20241138126872
-11.20241138126872
-11.20241138126872
-11.20241138126872
-11.20241138126872
-11.20241138126872
-11.20241138126872
-11.20241138126872
-10.509264200708774
-9.122969839588883
-11.20241138126872
-10.509264200708774
-8.111368927910403
-9.122969839588883
-9.122969839588883
-11.20241138126872
-8.06691716533957
-9.256501232213406
-11.20241138126872
-11.20241138126872
-10.103799092600608
-8.369198037212502
-9.592973468834618
-9.410651912040663
-10.509264200708774
-10.103799092600608
-9.410651912040663
-10.509264200708774
-9.816117020148829
-10.509264200708774
-9.256501232213406
-10.103799092600608
-10.103799092600608
-10.103799092600608
-9.816117020148829
-10.103799092600608
-10.509264200708774
-11.20241138126872
-11.20241138126872
-9.256501232213406
-9.410651912040663
-10.509264200708774
-9.122969839588883
-9.816117020148829
-10.509264200708774
-11.20241138126872
-11.20241138126872
-11.20241138126872
-9.592973468834618
-10.103799092600608
-11.20241138126872
-10.103799092600608
-11.20241138126872
-9.410651912040663
-10.509264200708774
-8.717504731480718
-9.592973468834618
-9.592973468834618
-8.157888943545295
-11.20241138126872
-9.410651912040663
-11.20241138126872
-10.103799092600608
-9.256501232213406
-10.103799092600608
-9.0051868039325
-11.20241138126872
-11.20241138126872
-11.20241138126872
-10.509264200708774
-4.597113460320517
-9.816117020148829
-10.509264200708774
-9.816117020148829
-10.103799092600608
-11.20241138126872
-10.509264200708774
-10.509264200708774
-10.509264200708774
-9.816117020148829
-9.592973468834618
-8.717504731480718
-9.256501232213406
-10.509264200708774
-9.816117020148829
-10.509264200708774
-11.20241138126872
-9.256501232213406
-9.816117020148829
-10.103799092600608
-7.591493468624495
-9.256501232213406
-11.20241138126872
-9.256501232213406
-9.592973468834618
-9.816117020148829
-11.20241138126872
-10.509264200708774
-9.410651912040663
-9.0051868039325
-9.0051868039325
-9.816117020148829
-11.20241138126872
-11.20241138126872
-8.804516108470349
-9.816117020148829
-9.410651912040663
-11.20241138126872
-11.20241138126872
-11.20241138126872
-11.20241138126872
-11.20241138126872
-11.20241138126872
-11.20241138126872
-11.20241138126872
-11.20241138126872
-10.509264200708774
-11.20241138126872
-11.20241138126872
-11.20241138126872
-11.20241138126872
-10.509264200708774
-11.20241138126872
-11.20241138126872
-11.20241138126872
-11.20241138126872
-10.509264200708774
-10.103799092600608
-10.509264200708774
-11.20241138126872
-11.20241138126872
-11.20241138126872
-10.103799092600608
-10.509264200708774
-11.20241138126872
-10.103799092600608
-10.509264200708774
-9.816117020148829
-9.592973468834618
-11.20241138126872
-10.103799092600608
-9.592973468834618
-9.816117020148829
-9.410651912040663
-10.103799092600608
-10.103799092600608
-9.816117020148829
-9.256501232213406
-10.103799092600608
-10.103799092600608
-11.20241138126872
-7.768424176783572
-9.256501232213406
-9.410651912040663
-10.103799092600608
-8.369198037212502
-11.20241138126872
-8.717504731480718
-10.509264200708774
-7.8012139996065635
-9.0051868039325
-9.592973468834618
-9.410651912040663
-10.509264200708774
-10.509264200708774
-9.410651912040663
-10.509264200708774
-11.20241138126872
-8.56335405165346
-7.647063319779305
-10.103799092600608
-10.103799092600608
-11.20241138126872
-10.509264200708774
-11.20241138126872
-10.509264200708774
-10.103799092600608
-9.592973468834618
-8.717504731480718
-11.20241138126872
-8.312039623372554
-9.410651912040663
-10.509264200708774
-10.103799092600608
-8.369198037212502
-9.122969839588883
-11.20241138126872
-9.0051868039325
-8.56335405165346
-7.647063319779305
-9.592973468834618
-9.816117020148829
-9.592973468834618
-9.256501232213406
-8.637462023807181
-11.20241138126872
-10.509264200708774
-10.103799092600608
-9.410651912040663
-9.816117020148829
-11.20241138126872
-8.804516108470349
-9.256501232213406
-10.103799092600608
-9.122969839588883
-10.509264200708774
-10.509264200708774
-11.20241138126872
-9.256501232213406
-9.816117020148829
-9.0051868039325
-9.592973468834618
-9.816117020148829
-11.20241138126872
-9.816117020148829
-8.429822659028938
-11.20241138126872
-11.20241138126872
-7.124873937363
-9.122969839588883
-8.312039623372554
-9.816117020148829
-9.592973468834618
-9.256501232213406
-9.0051868039325
-8.899826288274673
-8.369198037212502
-9.122969839588883
-9.816117020148829
-11.20241138126872
-10.103799092600608
-9.816117020148829
-11.20241138126872
-9.592973468834618
-11.20241138126872
-10.509264200708774
-10.103799092600608
-11.20241138126872
-11.20241138126872
-9.816117020148829
-11.20241138126872
-9.410651912040663
-11.20241138126872
-9.816117020148829
-11.20241138126872
-10.103799092600608
-11.20241138126872
-9.816117020148829
-9.816117020148829
-9.592973468834618
-10.509264200708774
-10.103799092600608
-11.20241138126872
-10.509264200708774
-9.816117020148829
-10.103799092600608
-9.592973468834618
-10.509264200708774
-10.509264200708774
-10.509264200708774
-11.20241138126872
-10.509264200708774
-11.20241138126872
-10.103799092600608
-10.509264200708774
-8.899826288274673
-6.015025575427964
-10.509264200708774
-9.122969839588883
-9.592973468834618
-11.20241138126872
-8.804516108470349
-11.20241138126872
-9.410651912040663
-10.509264200708774
-10.509264200708774
-11.20241138126872
-11.20241138126872
-11.20241138126872
-11.20241138126872
-11.20241138126872
-11.20241138126872
-11.20241138126872
-11.20241138126872
-11.20241138126872
-11.20241138126872
-11.20241138126872
-11.20241138126872
-11.20241138126872
-11.20241138126872
-11.20241138126872
-11.20241138126872
-11.20241138126872
-9.410651912040663
-8.717504731480718
-9.0051868039325
-9.0051868039325
-6.548451031111195
-8.899826288274673
-10.509264200708774
-11.20241138126872
-9.410651912040663
-10.103799092600608
-9.122969839588883
-10.103799092600608
-9.0051868039325
-10.509264200708774
-11.20241138126872
-11.20241138126872
-9.122969839588883
-8.804516108470349
-11.20241138126872
-9.592973468834618
-11.20241138126872
-8.56335405165346
-8.312039623372554
-9.256501232213406
-11.20241138126872
-10.509264200708774
-8.804516108470349
-10.509264200708774
-9.592973468834618
-8.637462023807181
-11.20241138126872
-8.717504731480718
-9.256501232213406
-9.592973468834618
-10.509264200708774
-11.20241138126872
-10.103799092600608
-10.103799092600608
-10.103799092600608
-8.804516108470349
-7.676050856652558
-11.20241138126872
-9.256501232213406
-9.0051868039325
-9.816117020148829
-7.705903819802239
-11.20241138126872
-10.509264200708774
-11.20241138126872
-9.0051868039325
-9.592973468834618
-11.20241138126872
-11.20241138126872
-9.816117020148829
-9.410651912040663
-8.56335405165346
-9.0051868039325
-10.103799092600608
-10.103799092600608
-11.20241138126872
-8.157888943545295
-11.20241138126872
-11.20241138126872
-11.20241138126872
-10.509264200708774
-9.0051868039325
-8.56335405165346
-10.509264200708774
-11.20241138126872
-10.103799092600608
-8.899826288274673
-7.705903819802239
